a-C nominally 100 nm on Si substrate
VASEmethod[EllipsometerType=5, Isotropic, AutoRetarder=1, TrackPol=1, ZoneAve=1, Revs=30, MaxRevs=200, I_Threshold=0.40, I_MinUsable=0.005, AutoSlit=1000, VUVverified=9.397@1570.0, WVASE=3.662, HardVer=6.256, Thu May 18 20:06:08 2017]
Original[rich a-c.dat]
nm
142.000000	65.000000	5.7689462	18.159266	0.281285	4.43107
144.000000	65.000000	6.3510685	1.1650891	0.227886	3.50097
146.000000	65.000000	7.9292979	-9.6217718	0.202268	2.6356
148.000000	65.000000	10.131069	-14.759656	0.211572	2.22155
150.000000	65.000000	12.7098	-15.423431	0.283539	2.33445
152.000000	65.000000	15.240853	-11.798283	0.270077	1.9165
154.000000	65.000000	17.565046	-6.73243	0.258602	1.63863
156.000000	65.000000	19.319872	-1.5432997	0.245606	1.44605
158.000000	65.000000	20.575577	4.3521357	0.250796	1.41112
160.000000	65.000000	21.379297	9.9571123	0.241758	1.32699
162.000000	65.000000	21.716782	15.386503	0.251329	1.3702
164.000000	65.000000	21.724245	20.268404	0.232675	1.26427
166.000000	65.000000	21.537718	24.14636	0.216682	1.18572
168.000000	65.000000	21.106314	28.42285	0.240723	1.31897
170.000000	65.000000	20.612806	30.606012	0.232618	1.29484
172.000000	65.000000	20.057741	32.213173	0.24679	1.41965
174.000000	65.000000	19.600935	34.384079	0.222063	1.29097
176.000000	65.000000	19.094351	35.847622	0.25944	1.54807
178.000000	65.000000	18.676878	36.669239	0.214615	1.30089
180.000000	65.000000	18.352163	37.128117	0.21591	1.33312
182.000000	65.000000	18.078074	37.5784	0.231002	1.45288
184.000000	65.000000	17.843077	37.996517	0.241153	1.3843
186.000000	65.000000	17.681795	38.238518	0.237111	1.37486
188.000000	65.000000	17.536446	38.472073	0.235736	1.3806
190.000000	65.000000	17.505516	38.384594	0.10592	0.628333
192.000000	65.000000	17.315142	38.82579	0.093589	0.55992
194.000000	65.000000	17.242474	39.117844	0.0902953	0.546033
196.000000	65.000000	17.107368	39.47401	0.0620513	0.381104
198.000000	65.000000	17.026514	39.749111	0.108728	0.67316
200.000000	65.000000	16.857758	40.386875	0.0862627	0.536493
202.000000	65.000000	16.846991	40.698219	0.0708	0.441457
204.000000	65.000000	16.817087	40.963776	0.0890783	0.562295
206.000000	65.000000	16.80098	41.578823	0.0905286	0.570608
208.000000	65.000000	16.831532	41.996929	0.0514005	0.326563
210.000000	65.000000	16.760027	42.634789	0.090527	0.576721
212.000000	65.000000	16.737507	43.436375	0.0796289	0.507467
214.000000	65.000000	16.657787	44.102787	0.0815168	0.523601
216.000000	65.000000	16.56074	45.138393	0.0629434	0.37149
218.000000	65.000000	16.50865	45.734264	0.0444781	0.263151
220.000000	65.000000	16.370821	46.548458	0.058559	0.347907
222.000000	65.000000	16.279186	47.249905	0.0635649	0.380207
224.000000	65.000000	16.160294	47.88166	0.0591027	0.356937
226.000000	65.000000	15.993657	48.651497	0.0581166	0.35393
228.000000	65.000000	15.856853	49.644932	0.0540062	0.328249
230.000000	65.000000	15.719739	49.994148	0.0604736	0.372185
232.000000	65.000000	15.548127	50.47757	0.0660383	0.411519
234.000000	65.000000	15.494156	51.023136	0.057424	0.35758
236.000000	65.000000	15.35367	51.88768	0.0428129	0.26873
238.000000	65.000000	15.198075	52.430107	0.0468252	0.296528
240.000000	65.000000	15.123822	53.603405	0.0454414	0.28582
242.000000	65.000000	15.002892	54.323063	0.0634649	0.401885
244.000000	65.000000	14.832932	55.076397	0.0516479	0.32973
246.000000	65.000000	14.686645	55.820141	0.0498671	0.319681
248.000000	65.000000	14.53233	56.876026	0.0551198	0.339821
250.000000	65.000000	14.367686	57.978626	0.0497601	0.307635
252.000000	65.000000	14.209188	58.70599	0.0511978	0.319824
254.000000	65.000000	13.939451	59.621994	0.0619792	0.389393
256.000000	65.000000	13.777623	60.87133	0.0627509	0.394688
258.000000	65.000000	13.569317	61.64806	0.069204	0.438825
260.000000	65.000000	13.342835	63.244728	0.0591725	0.375543
262.000000	65.000000	13.08998	63.718304	0.0494673	0.320071
264.000000	65.000000	12.852415	64.795837	0.0472874	0.307601
266.000000	65.000000	12.571982	66.216171	0.046596	0.305648
268.000000	65.000000	12.261251	67.053825	0.0357097	0.238518
270.000000	65.000000	11.958727	68.169083	0.039835	0.26852
272.000000	65.000000	11.617277	69.2957	0.0362682	0.247657
274.000000	65.000000	11.280359	70.264946	0.0393672	0.275218
276.000000	65.000000	10.885624	70.923073	0.0413642	0.298216
278.000000	65.000000	10.511544	71.755806	0.0365366	0.269682
280.000000	65.000000	10.17195	72.618538	0.032815	0.246302
282.000000	65.000000	9.8232412	73.557411	0.0437907	0.335176
284.000000	65.000000	9.4482374	74.172951	0.0422914	0.342279
286.000000	65.000000	9.0554113	74.635147	0.0421408	0.351143
288.000000	65.000000	8.6045618	74.553841	0.0397932	0.345281
290.000000	65.000000	8.1742487	74.678764	0.0512773	0.45735
292.000000	65.000000	7.8756118	74.600174	0.0383876	0.35428
294.000000	65.000000	7.5575781	74.309784	0.041341	0.390007
296.000000	65.000000	7.3044672	74.235558	0.0491583	0.478675
298.000000	65.000000	6.9980373	73.237923	0.0623187	0.621021
300.000000	65.000000	6.7383518	73.716507	0.0602445	0.61271
302.000000	65.000000	6.5544415	74.123383	0.052853	0.542886
304.000000	65.000000	6.2255878	73.743607	0.0563781	0.586265
306.000000	65.000000	5.965189	72.593002	0.0974516	1.04979
308.000000	65.000000	5.6797419	73.918785	0.0826059	0.87801
310.000000	65.000000	5.4861951	73.809792	0.103085	1.20605
346.000000	65.000000	1.5724714	-33.673306	1.30212	35.4402
348.000000	65.000000	1.354828	-30.19721	1.07645	22.712
350.000000	65.000000	1.6773627	-50.551785	1.26956	19.4976
352.000000	65.000000	0.64976412	-47.188782	2.14967	14.5392
354.000000	65.000000	1.3477831	-64.55899	0.932293	8.28909
356.000000	65.000000	2.8905623	-68.869972	0.654204	10.4035
358.000000	65.000000	3.5261304	-73.704163	0.428414	5.7084
360.000000	65.000000	3.6155503	-68.59861	0.343627	4.41919
362.000000	65.000000	3.9911056	-73.843002	0.209662	2.59281
364.000000	65.000000	4.6981988	-69.542442	0.248522	2.8692
366.000000	65.000000	5.4710975	-68.219864	0.178412	2.11925
368.000000	65.000000	5.8679442	-68.076317	0.249167	2.663
370.000000	65.000000	6.6067266	-62.199203	0.218556	2.36249
372.000000	65.000000	6.9246535	-62.892979	0.258218	2.63748
374.000000	65.000000	7.605772	-60.067165	0.242696	2.49277
376.000000	65.000000	7.9990859	-62.076157	0.350429	3.18037
378.000000	65.000000	8.6342802	-58.572681	0.319972	2.81209
380.000000	65.000000	8.6805048	-56.136143	0.128257	1.18835
382.000000	65.000000	9.0254164	-53.864399	0.159793	1.44727
384.000000	65.000000	9.2071886	-53.867428	0.124748	1.09267
386.000000	65.000000	9.7523394	-52.258427	0.16064	1.38319
388.000000	65.000000	9.9334803	-51.254459	0.137883	1.15734
390.000000	65.000000	10.304672	-50.065342	0.109084	0.898003
392.000000	65.000000	10.556609	-49.592041	0.0970719	0.794456
394.000000	65.000000	10.866266	-48.342419	0.108467	0.865018
396.000000	65.000000	11.179933	-48.238762	0.111289	0.860841
398.000000	65.000000	11.333645	-46.942089	0.0935762	0.732867
400.000000	65.000000	11.635406	-46.450432	0.0953239	0.743922
402.000000	65.000000	11.899463	-44.860977	0.170331	1.31166
404.000000	65.000000	12.270706	-44.303036	0.203042	1.48079
406.000000	65.000000	12.513778	-45.753609	0.144793	1.02446
408.000000	65.000000	12.707158	-43.628632	0.150729	1.11141
410.000000	65.000000	13.022055	-42.769619	0.074727	0.507829
412.000000	65.000000	13.407409	-42.489613	0.0723794	0.473454
414.000000	65.000000	13.604588	-42.164059	0.133689	0.862227
416.000000	65.000000	13.912711	-41.348572	0.109603	0.704436
418.000000	65.000000	14.266252	-40.768387	0.171803	1.07779
420.000000	65.000000	14.603039	-39.507362	0.139231	0.870177
422.000000	65.000000	14.698046	-40.25433	0.117585	0.731253
424.000000	65.000000	14.947004	-39.352734	0.0603303	0.373086
426.000000	65.000000	15.274443	-38.557198	0.0901584	0.549086
428.000000	65.000000	15.543284	-38.235207	0.0532662	0.322106
430.000000	65.000000	15.817473	-37.389107	0.057158	0.343141
432.000000	65.000000	16.078651	-36.927643	0.0461228	0.275852
434.000000	65.000000	16.337637	-36.434856	0.037996	0.224733
436.000000	65.000000	16.644913	-35.59523	0.0540886	0.316475
438.000000	65.000000	16.915516	-35.42218	0.0404088	0.233492
440.000000	65.000000	17.160305	-34.444084	0.0423171	0.245043
442.000000	65.000000	17.437326	-34.021988	0.0478106	0.274779
444.000000	65.000000	17.673334	-33.348896	0.0526359	0.301355
446.000000	65.000000	17.984423	-32.904247	0.0443844	0.251687
448.000000	65.000000	18.213453	-32.428772	0.0395408	0.223693
450.000000	65.000000	18.472401	-31.824211	0.041917	0.236521
452.000000	65.000000	18.716398	-31.285439	0.0509702	0.284927
454.000000	65.000000	18.960646	-30.774427	0.0418177	0.232669
456.000000	65.000000	19.251945	-29.859182	0.0532813	0.271806
458.000000	65.000000	19.592764	-29.488092	0.0478125	0.242554
460.000000	65.000000	19.781441	-28.962002	0.0507475	0.255992
462.000000	65.000000	20.006702	-28.32163	0.0698321	0.352724
464.000000	65.000000	20.28858	-27.8526	0.0434098	0.217765
466.000000	65.000000	20.555515	-27.161701	0.0470703	0.237432
468.000000	65.000000	20.776852	-26.53512	0.0418125	0.218223
470.000000	65.000000	21.029074	-26.128593	0.0530246	0.262916
472.000000	65.000000	21.254465	-25.472298	0.0554625	0.280188
474.000000	65.000000	21.500135	-24.567608	0.0501223	0.247198
476.000000	65.000000	21.775127	-24.21085	0.060398	0.2965
478.000000	65.000000	21.999943	-23.509405	0.0936059	0.458601
480.000000	65.000000	22.255644	-22.973505	0.0727253	0.356347
482.000000	65.000000	22.476915	-22.417435	0.089125	0.437611
484.000000	65.000000	22.749313	-21.326385	0.0832796	0.402426
486.000000	65.000000	23.115044	-21.041134	0.123778	0.597891
488.000000	65.000000	23.228197	-20.827152	0.117505	0.575136
490.000000	65.000000	23.55772	-19.904264	0.124721	0.614563
492.000000	65.000000	23.681137	-19.326147	0.0532137	0.256449
494.000000	65.000000	23.997068	-18.753613	0.096261	0.478873
496.000000	65.000000	24.1723	-18.465771	0.0910246	0.452973
498.000000	65.000000	24.327391	-17.389585	0.0404409	0.20205
500.000000	65.000000	24.580835	-16.841778	0.0532851	0.264388
502.000000	65.000000	24.792969	-16.214064	0.0532018	0.260231
504.000000	65.000000	25.058687	-15.713685	0.0485556	0.232468
506.000000	65.000000	25.241819	-15.024985	0.0550525	0.263606
508.000000	65.000000	25.486948	-14.350712	0.0478221	0.228731
510.000000	65.000000	25.687788	-13.439226	0.0650108	0.286284
512.000000	65.000000	25.889517	-12.95426	0.0409089	0.178646
514.000000	65.000000	26.078203	-12.147134	0.0447882	0.196263
516.000000	65.000000	26.267611	-11.409984	0.04537	0.202828
518.000000	65.000000	26.545856	-11.035278	0.0801202	0.355867
520.000000	65.000000	26.682772	-10.287698	0.0534835	0.235136
522.000000	65.000000	26.871849	-9.6106215	0.0405962	0.181887
524.000000	65.000000	27.041864	-9.0484667	0.0682856	0.303171
526.000000	65.000000	27.311563	-8.5121517	0.0692703	0.308789
528.000000	65.000000	27.473618	-7.692966	0.0447868	0.198089
530.000000	65.000000	27.585794	-7.0012498	0.0320706	0.145171
532.000000	65.000000	27.752541	-6.3174186	0.0528202	0.239305
534.000000	65.000000	27.969553	-5.6669407	0.0547479	0.247952
536.000000	65.000000	28.165398	-5.032845	0.0441756	0.199501
538.000000	65.000000	28.333139	-4.3167934	0.0369743	0.16577
540.000000	65.000000	28.471027	-3.8594408	0.0485752	0.215902
542.000000	65.000000	28.600512	-2.9956255	0.0542975	0.241682
544.000000	65.000000	28.783619	-1.9805647	0.0397791	0.175807
546.000000	65.000000	28.852785	-1.4207734	0.0540655	0.241045
548.000000	65.000000	29.100006	-0.84095716	0.0640849	0.285297
550.000000	65.000000	29.202896	-0.22297432	0.0512743	0.227831
552.000000	65.000000	29.349028	0.42255068	0.0615487	0.27237
554.000000	65.000000	29.43022	1.1139431	0.0661262	0.293901
556.000000	65.000000	29.648552	1.8434836	0.0788345	0.350711
558.000000	65.000000	29.669746	3.0086823	0.0746758	0.333248
560.000000	65.000000	29.842093	2.8881919	0.0584944	0.258369
562.000000	65.000000	29.918898	3.757349	0.0794214	0.324495
564.000000	65.000000	30.100758	4.8562369	0.0674178	0.272422
566.000000	65.000000	30.24221	5.047718	0.0897955	0.361465
568.000000	65.000000	30.305246	6.0120277	0.0470475	0.189889
570.000000	65.000000	30.458481	6.4490943	0.0620287	0.24991
572.000000	65.000000	30.47006	7.1024189	0.0767494	0.311747
574.000000	65.000000	30.640516	7.3759737	0.0953593	0.385653
576.000000	65.000000	30.756239	8.2894945	0.100978	0.417956
578.000000	65.000000	30.826893	9.3770647	0.0561878	0.22617
580.000000	65.000000	30.909468	9.6828527	0.118629	0.47402
582.000000	65.000000	30.918785	10.385283	0.0989993	0.397058
584.000000	65.000000	31.060963	11.032372	0.0593622	0.243333
586.000000	65.000000	31.113068	11.964629	0.0629844	0.252729
588.000000	65.000000	31.201382	12.841814	0.102416	0.416026
590.000000	65.000000	31.139021	12.865533	0.0499285	0.205377
592.000000	65.000000	31.236387	13.551351	0.0810738	0.332464
594.000000	65.000000	31.30867	14.288225	0.0799845	0.329535
596.000000	65.000000	31.388002	14.645538	0.0830823	0.342765
598.000000	65.000000	31.483978	15.467632	0.080104	0.329752
600.000000	65.000000	31.579948	16.435911	0.0832018	0.332145
602.000000	65.000000	31.576477	16.838425	0.071706	0.287743
604.000000	65.000000	31.610394	17.676514	0.0550276	0.220265
606.000000	65.000000	31.595545	18.148794	0.0351712	0.140752
608.000000	65.000000	31.663252	19.032066	0.0644212	0.260466
610.000000	65.000000	31.631023	19.437368	0.0703954	0.284639
612.000000	65.000000	31.685564	20.169394	0.0581166	0.237121
614.000000	65.000000	31.717804	20.57844	0.0697014	0.283736
616.000000	65.000000	31.808151	21.271254	0.0599897	0.244402
618.000000	65.000000	31.78578	22.006601	0.0559681	0.211077
620.000000	65.000000	31.808168	22.51165	0.074138	0.280829
622.000000	65.000000	31.817759	23.179403	0.0538807	0.20353
624.000000	65.000000	31.865347	23.532063	0.0675619	0.252654
626.000000	65.000000	31.83882	24.233467	0.0597557	0.22294
628.000000	65.000000	31.865583	24.816153	0.0556856	0.207759
630.000000	65.000000	31.891626	25.453892	0.0605608	0.22384
632.000000	65.000000	31.854855	25.877703	0.0742551	0.274674
634.000000	65.000000	31.873793	26.603834	0.0702354	0.259037
636.000000	65.000000	31.934191	27.220797	0.0503528	0.184319
638.000000	65.000000	31.875504	27.787962	0.0659065	0.242654
640.000000	65.000000	31.883076	28.32608	0.0618564	0.226916
642.000000	65.000000	31.822437	28.746954	0.059597	0.218604
644.000000	65.000000	31.872524	29.478992	0.0627793	0.229047
646.000000	65.000000	31.842985	29.784855	0.0586461	0.215639
648.000000	65.000000	31.826036	30.329706	0.0558958	0.205258
650.000000	65.000000	31.802992	30.863121	0.0609669	0.222914
652.000000	65.000000	31.782694	31.497427	0.0426799	0.155792
654.000000	65.000000	31.799299	31.950407	0.0470489	0.172275
656.000000	65.000000	31.770943	32.479645	0.0412495	0.153143
658.000000	65.000000	31.720032	32.985996	0.0550677	0.204665
660.000000	65.000000	31.679281	33.51976	0.0466935	0.170958
662.000000	65.000000	31.682585	34.018299	0.0790625	0.299688
664.000000	65.000000	31.644289	34.522453	0.050642	0.185045
666.000000	65.000000	31.567394	34.927933	0.0559452	0.209794
668.000000	65.000000	31.591867	35.516037	0.0398273	0.145882
670.000000	65.000000	31.543047	36.022736	0.0455469	0.17096
672.000000	65.000000	31.479584	36.474232	0.0417252	0.162312
674.000000	65.000000	31.469389	36.970291	0.0466856	0.17696
676.000000	65.000000	31.406509	37.254074	0.0454017	0.162869
678.000000	65.000000	31.357494	37.978199	0.0632007	0.224105
680.000000	65.000000	31.361004	38.148129	0.0452684	0.160476
682.000000	65.000000	31.28352	38.690544	0.0722575	0.248083
684.000000	65.000000	31.248455	39.15921	0.0620373	0.2136
686.000000	65.000000	31.228128	39.798168	0.0725051	0.248411
688.000000	65.000000	31.180254	40.168224	0.047854	0.164069
690.000000	65.000000	31.127445	40.413498	0.0393111	0.135239
692.000000	65.000000	31.092936	41.055996	0.0614562	0.210391
694.000000	65.000000	31.034443	41.334553	0.0469952	0.163359
696.000000	65.000000	30.955868	41.80769	0.0674318	0.238494
698.000000	65.000000	30.99052	42.266552	0.0466982	0.164678
700.000000	65.000000	30.910583	42.670563	0.0731983	0.261274
702.000000	65.000000	30.874958	43.087517	0.0486464	0.173363
704.000000	65.000000	30.853409	43.392342	0.0701244	0.249659
706.000000	65.000000	30.807261	43.931961	0.0475387	0.168948
708.000000	65.000000	30.774546	44.435566	0.0539807	0.191589
710.000000	65.000000	30.666288	44.867172	0.0453612	0.158748
712.000000	65.000000	30.588013	45.105827	0.0479315	0.169075
714.000000	65.000000	30.591522	45.483112	0.0481191	0.168659
716.000000	65.000000	30.545694	46.034008	0.0681401	0.241285
718.000000	65.000000	30.445396	46.356823	0.0535662	0.185584
720.000000	65.000000	30.419392	46.648224	0.0526737	0.183269
722.000000	65.000000	30.358437	47.011856	0.0515397	0.1755
724.000000	65.000000	30.338051	47.367214	0.0391837	0.133149
726.000000	65.000000	30.233746	47.705021	0.0373739	0.128715
728.000000	65.000000	30.221794	48.173225	0.0464821	0.160838
730.000000	65.000000	30.149544	48.572994	0.0487574	0.168667
732.000000	65.000000	30.14592	48.852139	0.0560878	0.197213
734.000000	65.000000	30.100576	49.245472	0.0434275	0.151994
736.000000	65.000000	29.972601	49.528702	0.0560238	0.194166
738.000000	65.000000	30.00289	49.862141	0.0546167	0.184842
740.000000	65.000000	29.902199	50.205524	0.0425418	0.14398
742.000000	65.000000	29.853502	50.614643	0.0532708	0.176194
744.000000	65.000000	29.80755	50.928127	0.0534494	0.185987
746.000000	65.000000	29.747828	51.156719	0.0440281	0.158217
748.000000	65.000000	29.701143	51.52766	0.0424693	0.148716
750.000000	65.000000	29.656498	51.725048	0.0455735	0.164262
752.000000	65.000000	29.582907	52.163174	0.0572891	0.20658
754.000000	65.000000	29.492167	52.515198	0.0452433	0.158615
756.000000	65.000000	29.492125	52.902611	0.059874	0.20164
758.000000	65.000000	29.378126	53.054268	0.0715502	0.242846
760.000000	65.000000	29.407213	53.558002	0.065252	0.231212
762.000000	65.000000	29.250406	53.930504	0.0638138	0.208478
764.000000	65.000000	29.231325	54.188274	0.0677095	0.221552
766.000000	65.000000	29.191097	54.592793	0.081749	0.270407
768.000000	65.000000	29.177019	54.806053	0.0853844	0.288908
770.000000	65.000000	29.093458	54.968182	0.066651	0.217436
772.000000	65.000000	29.064362	55.377064	0.0703065	0.234545
774.000000	65.000000	29.014303	55.515823	0.0590277	0.202816
776.000000	65.000000	28.958515	56.03661	0.0777879	0.260302
778.000000	65.000000	28.901346	56.231907	0.0586143	0.195869
780.000000	65.000000	28.871677	56.638912	0.0731295	0.239068
782.000000	65.000000	28.83412	56.89946	0.0692082	0.231165
784.000000	65.000000	28.712027	56.916744	0.0566065	0.185047
786.000000	65.000000	28.699787	57.37442	0.0683943	0.22307
788.000000	65.000000	28.693954	57.598816	0.0619749	0.206509
790.000000	65.000000	28.539488	58.011608	0.0854799	0.279654
792.000000	65.000000	28.51726	58.306896	0.0575525	0.191383
794.000000	65.000000	28.522182	58.42078	0.0830071	0.284468
796.000000	65.000000	28.467653	58.681278	0.0504296	0.172299
798.000000	65.000000	28.380114	58.944736	0.0793774	0.258868
800.000000	65.000000	28.35952	59.354961	0.0761954	0.260059
802.000000	65.000000	28.337637	59.505814	0.0638753	0.219641
804.000000	65.000000	28.226761	59.84024	0.0784945	0.258788
806.000000	65.000000	28.168608	59.933323	0.0430833	0.138442
808.000000	65.000000	28.144934	60.381794	0.0426119	0.139772
810.000000	65.000000	28.108381	60.576336	0.0609947	0.200102
812.000000	65.000000	28.04958	60.897945	0.0594407	0.199985
814.000000	65.000000	28.037367	61.080715	0.0585798	0.193052
816.000000	65.000000	27.965654	61.34763	0.0518238	0.166115
818.000000	65.000000	27.87092	61.547741	0.0612947	0.199957
820.000000	65.000000	27.820322	61.866676	0.0534795	0.172431
822.000000	65.000000	27.775009	62.070694	0.0390879	0.128035
824.000000	65.000000	27.749952	62.254871	0.0347548	0.114021
826.000000	65.000000	27.700802	62.502281	0.0427175	0.138929
828.000000	65.000000	27.646433	62.748055	0.0403717	0.131784
830.000000	65.000000	27.611387	62.993725	0.0400789	0.129483
832.000000	65.000000	27.507759	63.285686	0.0408563	0.138102
834.000000	65.000000	27.513365	63.464268	0.0362879	0.117763
836.000000	65.000000	27.452961	63.682293	0.0348086	0.112478
838.000000	65.000000	27.387962	63.94862	0.0475584	0.152968
840.000000	65.000000	27.342714	64.233879	0.0386355	0.124082
842.000000	65.000000	27.330793	64.4021	0.0360551	0.117957
844.000000	65.000000	27.25185	64.648468	0.0491564	0.162017
846.000000	65.000000	27.254251	64.937271	0.0559831	0.178636
848.000000	65.000000	27.169647	65.119095	0.0433992	0.141455
850.000000	65.000000	27.090616	65.38559	0.0549416	0.17623
852.000000	65.000000	27.053644	65.710114	0.0628087	0.204734
854.000000	65.000000	27.009766	65.697609	0.0544499	0.178063
856.000000	65.000000	27.024315	66.029991	0.0520424	0.173471
858.000000	65.000000	27.000887	66.248299	0.0685127	0.223243
860.000000	65.000000	26.927252	66.395447	0.0524964	0.168571
862.000000	65.000000	26.830334	66.738297	0.0439934	0.144547
864.000000	65.000000	26.830832	66.736816	0.0492807	0.158491
866.000000	65.000000	26.78171	66.938774	0.052318	0.168358
868.000000	65.000000	26.708565	67.222275	0.04239	0.140641
870.000000	65.000000	26.685383	67.525421	0.0379274	0.123654
872.000000	65.000000	26.643839	67.624596	0.0535491	0.178503
874.000000	65.000000	26.570263	67.795731	0.0456834	0.147302
876.000000	65.000000	26.559404	68.034973	0.0519623	0.167495
878.000000	65.000000	26.51479	68.240486	0.0371446	0.119895
880.000000	65.000000	26.462879	68.46862	0.0380621	0.124265
882.000000	65.000000	26.431782	68.64769	0.0340621	0.111643
884.000000	65.000000	26.403851	68.819405	0.0338484	0.110681
886.000000	65.000000	26.367548	69.060974	0.0357374	0.116111
888.000000	65.000000	26.340248	69.185081	0.0419633	0.135541
890.000000	65.000000	26.261858	69.430771	0.0443086	0.143277
892.000000	65.000000	26.237375	69.611153	0.047585	0.153767
894.000000	65.000000	26.18697	69.842422	0.0385364	0.125179
896.000000	65.000000	26.162689	70.001869	0.0367741	0.119622
898.000000	65.000000	26.110229	70.249176	0.0419144	0.135522
900.000000	65.000000	26.096575	70.387932	0.0429051	0.138104
136.000000	70.000000	14.611238	23.164316	0.300228	2.24213
138.000000	70.000000	13.989921	17.353191	0.335754	2.58373
140.000000	70.000000	13.957717	13.390392	0.269844	2.10117
142.000000	70.000000	14.341777	5.9390101	0.286195	2.16183
144.000000	70.000000	15.331031	0.71073604	0.253951	1.80371
146.000000	70.000000	16.879118	-4.0839267	0.280493	1.81433
148.000000	70.000000	18.836386	-6.1149573	0.282366	1.66408
150.000000	70.000000	20.935369	-5.7509317	0.27662	1.49687
152.000000	70.000000	22.922215	-3.7658825	0.286047	1.44891
154.000000	70.000000	24.626478	-0.66135287	0.273843	1.32049
156.000000	70.000000	25.777527	3.1361575	0.26783	1.25931
158.000000	70.000000	26.476315	6.6535268	0.254868	1.18246
160.000000	70.000000	26.82642	10.257878	0.244101	1.12619
162.000000	70.000000	26.85725	13.682044	0.236462	1.05479
164.000000	70.000000	26.650682	16.443548	0.232518	1.09066
166.000000	70.000000	26.274508	18.70978	0.237042	1.13061
168.000000	70.000000	25.862234	20.592722	0.209846	1.01483
170.000000	70.000000	25.279228	21.798552	0.20127	0.992908
172.000000	70.000000	24.832254	23.069134	0.212334	1.06574
174.000000	70.000000	24.353479	23.609703	0.203868	1.04518
176.000000	70.000000	23.969738	24.108126	0.201686	1.05286
178.000000	70.000000	23.671013	24.220909	0.203876	1.08472
180.000000	70.000000	23.446457	24.317028	0.207174	1.11882
182.000000	70.000000	23.284044	24.554419	0.211139	1.15266
184.000000	70.000000	23.106638	24.539915	0.234574	1.13173
186.000000	70.000000	22.959082	24.596703	0.222902	1.08787
188.000000	70.000000	22.907413	24.785852	0.223027	1.10014
190.000000	70.000000	22.884689	24.998846	0.115831	0.558956
192.000000	70.000000	22.788801	24.911354	0.0938187	0.471762
194.000000	70.000000	22.714725	24.863186	0.0786619	0.39979
196.000000	70.000000	22.67021	25.131863	0.0910927	0.468249
198.000000	70.000000	22.494476	25.353844	0.0846336	0.439333
200.000000	70.000000	22.447544	25.718904	0.0864432	0.456797
202.000000	70.000000	22.265675	25.766094	0.0859425	0.455012
204.000000	70.000000	22.339787	26.437044	0.10917	0.57873
206.000000	70.000000	22.330027	26.279331	0.0961495	0.517677
208.000000	70.000000	22.305416	26.945238	0.0720348	0.389331
210.000000	70.000000	22.218933	27.301056	0.0993421	0.54334
212.000000	70.000000	22.182964	27.882866	0.0530606	0.29133
214.000000	70.000000	22.082329	28.461487	0.0849269	0.469296
216.000000	70.000000	21.934803	28.508682	0.0679381	0.33837
218.000000	70.000000	21.829767	29.065924	0.0727117	0.364433
220.000000	70.000000	21.719767	29.346598	0.078325	0.396961
222.000000	70.000000	21.492594	29.996799	0.0975582	0.500195
224.000000	70.000000	21.365778	30.632296	0.0688179	0.355372
226.000000	70.000000	21.19241	30.895407	0.0836572	0.43668
228.000000	70.000000	21.104185	30.974461	0.105111	0.55527
230.000000	70.000000	20.913517	31.433424	0.0922072	0.492195
232.000000	70.000000	20.775537	31.848368	0.0729105	0.392688
234.000000	70.000000	20.646631	32.119656	0.0818993	0.447897
236.000000	70.000000	20.474918	32.771496	0.0771326	0.424874
238.000000	70.000000	20.355076	33.089478	0.0740618	0.410576
240.000000	70.000000	20.157137	33.499065	0.0698409	0.392567
242.000000	70.000000	19.977911	33.722317	0.0921388	0.524884
244.000000	70.000000	19.798027	34.13237	0.0594216	0.342007
246.000000	70.000000	19.628304	34.612846	0.0830269	0.481801
248.000000	70.000000	19.40008	34.98304	0.0770117	0.41238
250.000000	70.000000	19.206757	35.268158	0.0758586	0.411551
252.000000	70.000000	19.005659	36.074902	0.0726917	0.396757
254.000000	70.000000	18.751448	35.876457	0.0975496	0.54413
256.000000	70.000000	18.553783	36.291206	0.0686988	0.386388
258.000000	70.000000	18.223949	36.977127	0.0746519	0.429292
260.000000	70.000000	17.954096	37.209423	0.0730981	0.428328
262.000000	70.000000	17.685816	37.486916	0.0529911	0.312903
264.000000	70.000000	17.387171	37.892937	0.0619653	0.372287
266.000000	70.000000	17.070133	38.197002	0.062107	0.382337
268.000000	70.000000	16.753204	38.500771	0.0623588	0.390893
270.000000	70.000000	16.379055	38.394684	0.0583422	0.374672
272.000000	70.000000	16.033558	38.674706	0.057977	0.381227
274.000000	70.000000	15.663694	38.598877	0.0620081	0.419041
276.000000	70.000000	15.324042	38.45652	0.0606896	0.419655
278.000000	70.000000	14.988169	38.333847	0.0541509	0.384293
280.000000	70.000000	14.603489	37.947014	0.0609802	0.445675
282.000000	70.000000	14.26518	37.663197	0.0498393	0.373414
284.000000	70.000000	13.896514	37.092854	0.0618332	0.440647
286.000000	70.000000	13.616119	36.126553	0.0581103	0.424253
288.000000	70.000000	13.284552	35.413437	0.0573699	0.431712
290.000000	70.000000	13.040141	34.26709	0.0567836	0.436905
292.000000	70.000000	12.811034	32.914314	0.0736512	0.587043
294.000000	70.000000	12.645411	31.967062	0.0545116	0.441975
296.000000	70.000000	12.504169	30.950548	0.0686635	0.570034
298.000000	70.000000	12.262967	30.232828	0.0661284	0.560705
300.000000	70.000000	12.092652	29.204327	0.0623457	0.540951
302.000000	70.000000	11.945073	28.720762	0.0665294	0.58602
304.000000	70.000000	11.77494	26.580389	0.0774038	0.709766
306.000000	70.000000	11.638713	26.83728	0.0937059	0.858711
308.000000	70.000000	11.585373	25.394455	0.0823875	0.778958
310.000000	70.000000	11.287301	24.887859	0.125218	1.22026
312.000000	70.000000	11.149317	23.807938	0.128804	1.25631
314.000000	70.000000	10.889478	23.274012	0.100825	1.01278
316.000000	70.000000	11.194601	23.37007	0.617152	5.64029
318.000000	70.000000	10.90012	21.792492	0.346796	3.385
320.000000	70.000000	10.372155	15.326417	0.337775	3.84647
322.000000	70.000000	10.553869	13.085178	0.212011	2.22191
324.000000	70.000000	10.346076	13.808734	0.177859	1.98655
326.000000	70.000000	10.187099	12.60116	0.377805	3.65198
328.000000	70.000000	10.169394	15.905424	0.255823	2.57026
330.000000	70.000000	9.7433758	12.714565	0.267741	2.80046
332.000000	70.000000	9.9710102	9.5100317	0.209995	2.17224
334.000000	70.000000	9.9558249	10.697466	0.144909	1.49113
336.000000	70.000000	10.090273	8.0495958	0.225144	2.23525
338.000000	70.000000	9.8556547	3.1946759	0.241363	2.51596
340.000000	70.000000	9.7954378	4.7199492	0.26066	2.75185
342.000000	70.000000	9.836937	1.5810617	0.155965	1.68381
344.000000	70.000000	9.8475227	-0.70578831	0.216214	2.36682
346.000000	70.000000	9.842885	-2.8356719	0.175348	1.86024
348.000000	70.000000	9.7693367	-4.7874494	0.143876	1.60652
350.000000	70.000000	9.9990387	-6.4703808	0.158096	1.65867
352.000000	70.000000	9.9079809	-7.6777258	0.182561	1.99687
354.000000	70.000000	9.9924002	-13.082298	0.194861	2.06136
356.000000	70.000000	10.241985	-12.719228	0.151412	1.60084
358.000000	70.000000	10.419312	-16.662117	0.130783	1.35472
360.000000	70.000000	10.658136	-18.097534	0.155764	1.55824
362.000000	70.000000	11.141093	-21.423401	0.172107	1.61457
364.000000	70.000000	11.439089	-23.035564	0.113851	1.04635
366.000000	70.000000	11.845888	-23.790962	0.148323	1.21474
368.000000	70.000000	12.332111	-24.800331	0.169907	1.33353
370.000000	70.000000	12.891109	-26.14323	0.120725	0.905752
372.000000	70.000000	13.390136	-26.525021	0.134757	0.970877
374.000000	70.000000	13.923573	-26.048239	0.11623	0.815639
376.000000	70.000000	14.362838	-25.613102	0.112196	0.780543
378.000000	70.000000	14.839808	-26.379622	0.13022	0.866754
380.000000	70.000000	15.235872	-25.912695	0.0861485	0.5694
382.000000	70.000000	15.534358	-25.487629	0.0824681	0.540199
384.000000	70.000000	15.954718	-26.024181	0.0965573	0.608311
386.000000	70.000000	16.259983	-25.630302	0.0706873	0.443037
388.000000	70.000000	16.463846	-25.119312	0.12657	0.802342
390.000000	70.000000	16.813898	-25.388294	0.0660023	0.407109
392.000000	70.000000	17.073324	-24.188307	0.113936	0.695872
394.000000	70.000000	17.394913	-24.463102	0.0799305	0.486348
396.000000	70.000000	17.735153	-24.507631	0.0880775	0.528204
398.000000	70.000000	17.969246	-24.491373	0.0759971	0.451959
400.000000	70.000000	18.252649	-24.131691	0.0710368	0.419204
402.000000	70.000000	18.494398	-24.122196	0.0708321	0.415587
404.000000	70.000000	18.792326	-24.285414	0.0829685	0.478401
406.000000	70.000000	19.105417	-23.758175	0.0628582	0.362586
408.000000	70.000000	19.374161	-23.298601	0.0652723	0.372547
410.000000	70.000000	19.576023	-23.564545	0.0629346	0.326651
412.000000	70.000000	19.857288	-23.486683	0.0364528	0.188004
414.000000	70.000000	20.15	-23.190372	0.0579403	0.295149
416.000000	70.000000	20.372742	-22.976004	0.0717404	0.366113
418.000000	70.000000	20.671801	-22.726706	0.0602796	0.30371
420.000000	70.000000	20.88908	-22.593414	0.067403	0.340008
422.000000	70.000000	21.139025	-22.439537	0.0670283	0.335679
424.000000	70.000000	21.380287	-22.107773	0.0459142	0.228139
426.000000	70.000000	21.602612	-22.066999	0.061373	0.304575
428.000000	70.000000	21.878702	-21.716839	0.0826776	0.409775
430.000000	70.000000	22.186094	-21.575682	0.0501049	0.251617
432.000000	70.000000	22.371426	-21.350569	0.029084	0.145839
434.000000	70.000000	22.597551	-21.09444	0.0739451	0.368794
436.000000	70.000000	22.884418	-20.568436	0.0526391	0.25685
438.000000	70.000000	23.064325	-20.363796	0.053571	0.270231
440.000000	70.000000	23.322115	-20.483046	0.0458819	0.226513
442.000000	70.000000	23.594147	-19.930336	0.0642676	0.321467
444.000000	70.000000	23.863832	-19.81118	0.04159	0.203879
446.000000	70.000000	24.079979	-19.58584	0.0642212	0.308906
448.000000	70.000000	24.301544	-19.31419	0.0708672	0.338697
450.000000	70.000000	24.510202	-18.737131	0.0368921	0.193726
452.000000	70.000000	24.781357	-18.561031	0.0438858	0.217657
454.000000	70.000000	24.988842	-18.17577	0.05168	0.246185
456.000000	70.000000	25.21582	-18.117517	0.0391757	0.17286
458.000000	70.000000	25.480228	-17.43001	0.0475891	0.215588
460.000000	70.000000	25.631248	-17.378958	0.0544413	0.237821
462.000000	70.000000	25.888346	-16.956507	0.0674938	0.290731
464.000000	70.000000	26.140419	-16.710043	0.0765236	0.328958
466.000000	70.000000	26.354334	-16.076441	0.0741746	0.317285
468.000000	70.000000	26.539755	-15.858602	0.0500456	0.215751
470.000000	70.000000	26.741817	-15.508773	0.057888	0.248052
472.000000	70.000000	26.956898	-15.17101	0.0519056	0.223014
474.000000	70.000000	27.221622	-15.049185	0.0690349	0.294931
476.000000	70.000000	27.441181	-14.42048	0.0643036	0.289311
478.000000	70.000000	27.624895	-14.135942	0.0583968	0.261155
480.000000	70.000000	27.812593	-13.764724	0.0598469	0.256135
482.000000	70.000000	27.990204	-13.615818	0.061623	0.264409
484.000000	70.000000	28.227406	-13.05471	0.0722117	0.30893
486.000000	70.000000	28.408272	-12.628683	0.0677506	0.289479
488.000000	70.000000	28.65258	-12.680184	0.0878803	0.374059
490.000000	70.000000	28.803741	-11.577225	0.0615845	0.263977
492.000000	70.000000	28.984509	-11.317567	0.0605041	0.259339
494.000000	70.000000	29.179121	-11.024016	0.0596961	0.256622
496.000000	70.000000	29.396154	-10.374557	0.0676716	0.289453
498.000000	70.000000	29.487005	-10.204956	0.0578561	0.248418
500.000000	70.000000	29.730209	-9.7047682	0.0457303	0.19631
502.000000	70.000000	29.890177	-9.3994303	0.057141	0.245485
504.000000	70.000000	30.03351	-9.0054054	0.0533712	0.230012
506.000000	70.000000	30.272919	-8.5846462	0.0547658	0.236255
508.000000	70.000000	30.44919	-8.1308575	0.066827	0.287567
510.000000	70.000000	30.603628	-7.6867795	0.0460273	0.18088
512.000000	70.000000	30.783842	-7.2663088	0.0592017	0.232772
514.000000	70.000000	30.900587	-6.6529732	0.0588548	0.232359
516.000000	70.000000	31.084269	-6.175251	0.0521272	0.205924
518.000000	70.000000	31.254862	-5.643539	0.0614805	0.243305
520.000000	70.000000	31.348869	-5.2900658	0.0454213	0.179894
522.000000	70.000000	31.499268	-4.8260875	0.0640327	0.253619
524.000000	70.000000	31.639385	-4.6085801	0.0639525	0.253222
526.000000	70.000000	31.836658	-3.9541717	0.0521711	0.206452
528.000000	70.000000	31.920103	-3.3907351	0.0673813	0.268479
530.000000	70.000000	32.11174	-3.0048137	0.0586072	0.234029
532.000000	70.000000	32.175125	-2.5972853	0.0558312	0.222752
534.000000	70.000000	32.351532	-1.9824381	0.0583996	0.232753
536.000000	70.000000	32.426125	-1.8261615	0.0570255	0.228228
538.000000	70.000000	32.605145	-1.2871495	0.0439553	0.176266
540.000000	70.000000	32.733124	-0.72682619	0.0601846	0.240902
542.000000	70.000000	32.807137	-0.094528854	0.0639032	0.256902
544.000000	70.000000	32.910843	0.29926801	0.0601211	0.241786
546.000000	70.000000	33.043434	0.76170093	0.0496544	0.200133
548.000000	70.000000	33.186413	1.396754	0.0726548	0.293479
550.000000	70.000000	33.295444	1.749449	0.0551106	0.222365
552.000000	70.000000	33.39349	2.08481	0.0598692	0.24215
554.000000	70.000000	33.412666	2.7456558	0.0528382	0.214204
556.000000	70.000000	33.568592	2.906672	0.0619315	0.252065
558.000000	70.000000	33.658928	3.5850654	0.0601696	0.244416
560.000000	70.000000	33.741386	4.1602473	0.05961	0.243143
562.000000	70.000000	33.850285	4.6650596	0.0492299	0.184172
564.000000	70.000000	33.841885	4.8459744	0.0653927	0.244868
566.000000	70.000000	33.940887	5.5282412	0.0731594	0.273996
568.000000	70.000000	34.030357	6.1126075	0.0630384	0.236702
570.000000	70.000000	34.100483	6.2997026	0.0738335	0.277847
572.000000	70.000000	34.156284	6.6802492	0.0751065	0.283016
574.000000	70.000000	34.262867	7.4080577	0.0806962	0.304466
576.000000	70.000000	34.309315	8.0671911	0.0562939	0.212223
578.000000	70.000000	34.347004	8.3854065	0.0605323	0.228645
580.000000	70.000000	34.375214	8.8536844	0.0902152	0.342069
582.000000	70.000000	34.48436	9.4259825	0.0453955	0.171947
584.000000	70.000000	34.513805	9.7499018	0.0499645	0.18942
586.000000	70.000000	34.590092	10.252554	0.0569039	0.216383
588.000000	70.000000	34.567989	10.795378	0.067044	0.255255
590.000000	70.000000	34.677025	11.137893	0.0653081	0.248605
592.000000	70.000000	34.650913	11.645973	0.0626393	0.238637
594.000000	70.000000	34.732521	12.3701	0.0704176	0.268308
596.000000	70.000000	34.794586	12.73067	0.104318	0.398321
598.000000	70.000000	34.741238	13.102659	0.0825865	0.315864
600.000000	70.000000	34.743092	13.216817	0.0828334	0.320693
602.000000	70.000000	34.835171	13.956258	0.0855791	0.328622
604.000000	70.000000	34.7845	14.233789	0.0746453	0.292237
606.000000	70.000000	34.915741	14.71802	0.0870495	0.340414
608.000000	70.000000	34.879551	15.439002	0.0675795	0.268659
610.000000	70.000000	34.813831	15.778006	0.0737639	0.287156
612.000000	70.000000	34.827896	16.36882	0.0949968	0.367979
614.000000	70.000000	34.869907	16.776487	0.0712888	0.275218
616.000000	70.000000	34.902744	16.869066	0.0869214	0.336699
618.000000	70.000000	34.758301	17.658838	0.0883787	0.315656
620.000000	70.000000	34.847282	18.006891	0.0826112	0.29549
622.000000	70.000000	34.955544	18.264114	0.0855694	0.31006
624.000000	70.000000	34.917072	18.885721	0.0624836	0.235536
626.000000	70.000000	34.919441	19.202681	0.0849895	0.320307
628.000000	70.000000	34.951805	19.752708	0.0824504	0.309697
630.000000	70.000000	34.909763	20.253502	0.068649	0.260124
632.000000	70.000000	34.845001	20.328184	0.0737022	0.269905
634.000000	70.000000	34.831348	21.012276	0.0937616	0.337892
636.000000	70.000000	34.748844	21.521233	0.103613	0.375045
638.000000	70.000000	34.90139	21.241243	0.101077	0.367506
640.000000	70.000000	34.824841	22.282932	0.0957064	0.351204
642.000000	70.000000	34.836533	22.217422	0.109704	0.398017
644.000000	70.000000	34.83213	22.943525	0.101724	0.372275
646.000000	70.000000	34.757984	23.495075	0.107272	0.388903
648.000000	70.000000	34.711849	23.872967	0.121869	0.449321
650.000000	70.000000	34.726665	24.288166	0.10794	0.393558
652.000000	70.000000	34.601383	24.227766	0.116421	0.430627
654.000000	70.000000	34.733807	24.91127	0.100508	0.375443
656.000000	70.000000	34.645584	25.20747	0.100707	0.376263
658.000000	70.000000	34.614185	25.665852	0.0727937	0.27397
660.000000	70.000000	34.51828	25.87855	0.0719425	0.265103
662.000000	70.000000	34.49918	26.046101	0.106308	0.389743
664.000000	70.000000	34.483742	26.669718	0.0814854	0.299094
666.000000	70.000000	34.430073	26.941429	0.0858452	0.315658
668.000000	70.000000	34.404526	27.400711	0.0865915	0.325124
670.000000	70.000000	34.394547	27.71876	0.0819351	0.30517
672.000000	70.000000	34.370979	28.141336	0.0859129	0.315719
674.000000	70.000000	34.35556	28.377417	0.0817142	0.301011
676.000000	70.000000	34.320156	28.710335	0.0666019	0.229155
678.000000	70.000000	34.252659	29.208767	0.0761554	0.262625
680.000000	70.000000	34.224972	29.480907	0.0780275	0.270107
682.000000	70.000000	34.139404	29.849489	0.0750032	0.259459
684.000000	70.000000	34.13641	30.144255	0.0806379	0.278681
686.000000	70.000000	34.050259	30.511814	0.0606661	0.210162
688.000000	70.000000	34.038116	30.812679	0.0610132	0.210999
690.000000	70.000000	33.964706	30.994387	0.079451	0.275937
692.000000	70.000000	33.954441	31.340313	0.0675438	0.234634
694.000000	70.000000	33.886456	31.672567	0.0693635	0.241787
696.000000	70.000000	33.84248	32.049603	0.0811391	0.282666
698.000000	70.000000	33.732357	32.338287	0.0598408	0.208893
700.000000	70.000000	33.703751	32.598827	0.0553817	0.193162
702.000000	70.000000	33.70084	33.014515	0.0536507	0.187372
704.000000	70.000000	33.629551	33.173767	0.0813669	0.284656
706.000000	70.000000	33.584457	33.670227	0.0767951	0.265785
708.000000	70.000000	33.50489	33.880505	0.058764	0.205774
710.000000	70.000000	33.523094	34.056068	0.073366	0.257169
712.000000	70.000000	33.449589	34.391617	0.0645761	0.227284
714.000000	70.000000	33.350815	34.6735	0.0616405	0.217004
716.000000	70.000000	33.302395	35.034237	0.0657237	0.230947
718.000000	70.000000	33.249844	35.349064	0.0718074	0.255791
720.000000	70.000000	33.197224	35.518383	0.0611706	0.222328
722.000000	70.000000	33.134838	35.907761	0.0681826	0.251925
724.000000	70.000000	33.071274	36.184284	0.0721076	0.266416
726.000000	70.000000	33.035034	36.366894	0.0719687	0.266465
728.000000	70.000000	32.982723	36.7435	0.0661672	0.244461
730.000000	70.000000	32.954697	36.940571	0.0703313	0.255865
732.000000	70.000000	32.906052	37.244831	0.0708358	0.25003
734.000000	70.000000	32.832848	37.543934	0.0778441	0.2757
736.000000	70.000000	32.753288	37.751041	0.0721603	0.265016
738.000000	70.000000	32.697079	37.934368	0.0701587	0.260375
740.000000	70.000000	32.628708	38.240311	0.0713233	0.2652
742.000000	70.000000	32.575211	38.510422	0.0664836	0.234595
744.000000	70.000000	32.537682	38.82523	0.0733076	0.246146
746.000000	70.000000	32.467503	38.96489	0.0722952	0.243473
748.000000	70.000000	32.407661	39.242489	0.0621829	0.209757
750.000000	70.000000	32.362576	39.464607	0.0539674	0.181736
752.000000	70.000000	32.30373	39.635548	0.0562861	0.190014
754.000000	70.000000	32.238129	39.952545	0.0640776	0.216163
756.000000	70.000000	32.205215	40.221275	0.0635875	0.217487
758.000000	70.000000	32.114658	40.513367	0.0596257	0.203469
760.000000	70.000000	32.056751	40.606991	0.0610268	0.206949
762.000000	70.000000	32.020992	40.710182	0.062322	0.216761
764.000000	70.000000	31.988256	41.158829	0.0682137	0.232284
766.000000	70.000000	31.967241	41.414124	0.0659807	0.224141
768.000000	70.000000	31.851629	41.490921	0.0677668	0.236386
770.000000	70.000000	31.765694	41.915676	0.0522416	0.180735
772.000000	70.000000	31.719372	42.040493	0.0597231	0.205269
774.000000	70.000000	31.681154	42.270042	0.0742579	0.260657
776.000000	70.000000	31.613678	42.364964	0.0541419	0.187292
778.000000	70.000000	31.523878	42.43829	0.0743286	0.260913
780.000000	70.000000	31.474886	42.697117	0.0626231	0.219369
782.000000	70.000000	31.440153	42.96999	0.060282	0.211858
784.000000	70.000000	31.382277	43.238789	0.0651861	0.228861
786.000000	70.000000	31.328146	43.401363	0.0734484	0.257892
788.000000	70.000000	31.277245	43.582947	0.0536263	0.18554
790.000000	70.000000	31.19256	43.889809	0.0573399	0.200261
792.000000	70.000000	31.173677	44.047035	0.0513541	0.180099
794.000000	70.000000	31.058548	44.25462	0.0668083	0.233878
796.000000	70.000000	31.062326	44.415058	0.0605238	0.214168
798.000000	70.000000	31.030828	44.555851	0.0728534	0.25727
800.000000	70.000000	30.907648	44.8251	0.0797278	0.283361
802.000000	70.000000	30.872187	45.027706	0.0582758	0.203553
804.000000	70.000000	30.837141	45.114006	0.0608343	0.207101
806.000000	70.000000	30.742638	45.338501	0.049712	0.174437
808.000000	70.000000	30.746675	45.630356	0.0714817	0.247076
810.000000	70.000000	30.666801	45.772259	0.0678224	0.228713
812.000000	70.000000	30.560705	45.986984	0.0859032	0.294915
814.000000	70.000000	30.560074	46.135227	0.0656028	0.222748
816.000000	70.000000	30.479208	46.355022	0.0681279	0.231035
818.000000	70.000000	30.470667	46.515907	0.0622482	0.207305
820.000000	70.000000	30.450115	46.773209	0.0465398	0.156144
822.000000	70.000000	30.351597	46.94558	0.0475721	0.162759
824.000000	70.000000	30.305313	47.105011	0.0517426	0.177554
826.000000	70.000000	30.265753	47.271027	0.0549687	0.187252
828.000000	70.000000	30.209475	47.461048	0.0604724	0.206558
830.000000	70.000000	30.168722	47.627235	0.0511922	0.172717
832.000000	70.000000	30.104158	47.841011	0.0625011	0.210792
834.000000	70.000000	30.067204	47.973831	0.0490285	0.166872
836.000000	70.000000	30.017717	48.156269	0.045458	0.153886
838.000000	70.000000	29.959158	48.239925	0.0484622	0.16729
840.000000	70.000000	29.911165	48.575638	0.0609638	0.205668
842.000000	70.000000	29.813568	48.570438	0.049435	0.173809
844.000000	70.000000	29.789503	48.660633	0.0676423	0.234362
846.000000	70.000000	29.745491	49.039032	0.0590905	0.206201
848.000000	70.000000	29.65641	49.1674	0.0701609	0.237327
850.000000	70.000000	29.615562	49.31237	0.0585083	0.197247
852.000000	70.000000	29.585741	49.476692	0.0514436	0.174189
854.000000	70.000000	29.516563	49.57048	0.0768355	0.259194
856.000000	70.000000	29.472347	49.813313	0.0721156	0.243814
858.000000	70.000000	29.450516	49.851707	0.0838495	0.294299
860.000000	70.000000	29.385973	49.952255	0.0594421	0.2181
862.000000	70.000000	29.302485	50.278175	0.0628136	0.220028
864.000000	70.000000	29.247959	50.401161	0.0658053	0.231549
866.000000	70.000000	29.198982	50.458447	0.0615063	0.209837
868.000000	70.000000	29.213102	50.853703	0.0447192	0.15423
870.000000	70.000000	29.160431	50.897198	0.0533536	0.176792
872.000000	70.000000	29.084126	51.17506	0.0633479	0.214559
874.000000	70.000000	29.054825	51.254368	0.0497525	0.165556
876.000000	70.000000	29.016432	51.268581	0.0515829	0.172706
878.000000	70.000000	28.95908	51.513512	0.0481386	0.161773
880.000000	70.000000	28.886496	51.655643	0.0509929	0.173704
882.000000	70.000000	28.836901	51.800251	0.0457955	0.156879
884.000000	70.000000	28.800692	51.939247	0.0495773	0.169671
886.000000	70.000000	28.756926	52.097584	0.0456297	0.155263
888.000000	70.000000	28.734783	52.235111	0.0461274	0.156057
890.000000	70.000000	28.675621	52.380478	0.0492373	0.166288
892.000000	70.000000	28.625185	52.55587	0.0473943	0.160272
894.000000	70.000000	28.560902	52.669456	0.0464906	0.158901
896.000000	70.000000	28.524719	52.792912	0.0507732	0.174175
898.000000	70.000000	28.486025	52.946289	0.0472563	0.160919
900.000000	70.000000	28.453896	53.073845	0.0491615	0.166664
134.000000	75.000000	22.245026	14.822081	0.376303	1.98822
136.000000	75.000000	22.174206	12.20878	0.269792	1.43967
138.000000	75.000000	21.945145	8.0597572	0.263171	1.38987
140.000000	75.000000	22.187407	6.3302989	0.257469	1.33671
142.000000	75.000000	22.789909	2.4453015	0.259606	1.31079
144.000000	75.000000	23.713284	0.26915127	0.303557	1.48627
146.000000	75.000000	25.054497	-1.8679013	0.276621	1.29839
148.000000	75.000000	26.569036	-2.5685995	0.289453	1.3056
150.000000	75.000000	28.113989	-1.9242442	0.277788	1.21046
152.000000	75.000000	29.475904	-0.52656966	0.290606	1.23212
154.000000	75.000000	30.532732	1.7298878	0.284903	1.18985
156.000000	75.000000	31.19422	3.9992142	0.268099	1.11418
158.000000	75.000000	31.564253	6.3885684	0.261594	1.08298
160.000000	75.000000	31.669603	8.5945654	0.247441	1.03081
162.000000	75.000000	31.530493	10.543284	0.242073	1.01872
164.000000	75.000000	31.326735	12.151336	0.232596	0.988479
166.000000	75.000000	30.966747	13.529263	0.223061	0.959989
168.000000	75.000000	30.540298	14.539799	0.216531	0.94672
170.000000	75.000000	30.147869	15.038503	0.212	0.943353
172.000000	75.000000	29.783216	15.691617	0.209865	0.945568
174.000000	75.000000	29.512945	15.706377	0.205546	0.940673
176.000000	75.000000	29.236362	15.954373	0.20349	0.944836
178.000000	75.000000	29.021698	15.947323	0.193803	0.913059
180.000000	75.000000	28.857935	15.82295	0.20182	0.962107
182.000000	75.000000	28.753935	15.802382	0.208359	0.984722
184.000000	75.000000	28.686895	15.829493	0.258605	1.03162
186.000000	75.000000	28.628368	15.937243	0.248843	1.00382
188.000000	75.000000	28.604132	16.127459	0.237064	0.982421
190.000000	75.000000	28.605137	15.867304	0.105638	0.455185
192.000000	75.000000	28.498276	16.09864	0.0777299	0.338585
194.000000	75.000000	28.448782	16.330122	0.062729	0.276107
196.000000	75.000000	28.456827	16.364838	0.0880513	0.391798
198.000000	75.000000	28.358574	16.584064	0.0969153	0.435106
200.000000	75.000000	28.295712	16.307552	0.079436	0.360469
202.000000	75.000000	28.279516	16.758289	0.0762894	0.348408
204.000000	75.000000	28.198847	16.672207	0.0989826	0.455595
206.000000	75.000000	28.168369	16.909872	0.0783143	0.365252
208.000000	75.000000	28.153521	17.423862	0.057981	0.272255
210.000000	75.000000	28.093887	17.779402	0.0728459	0.345855
212.000000	75.000000	28.052467	17.988745	0.0901845	0.431515
214.000000	75.000000	27.873266	18.081852	0.0885717	0.428784
216.000000	75.000000	27.82057	18.526991	0.112267	0.477844
218.000000	75.000000	27.684271	18.980719	0.103156	0.443993
220.000000	75.000000	27.574215	18.907946	0.0923044	0.402411
222.000000	75.000000	27.435507	19.355745	0.0917465	0.404245
224.000000	75.000000	27.302666	19.581089	0.0995814	0.442056
226.000000	75.000000	27.173414	19.696135	0.106073	0.477534
228.000000	75.000000	27.027519	19.945724	0.100213	0.45401
230.000000	75.000000	26.895452	20.082867	0.0874386	0.400371
232.000000	75.000000	26.784046	20.298822	0.11376	0.514384
234.000000	75.000000	26.647455	20.270054	0.0932278	0.425875
236.000000	75.000000	26.488461	20.623575	0.0918217	0.424492
238.000000	75.000000	26.380348	20.708866	0.0823555	0.384441
240.000000	75.000000	26.209805	21.033194	0.089304	0.421256
242.000000	75.000000	26.060198	21.228405	0.0820083	0.390888
244.000000	75.000000	25.902481	21.450636	0.0992921	0.47783
246.000000	75.000000	25.729969	21.566288	0.0876638	0.427421
248.000000	75.000000	25.541967	21.764893	0.0799273	0.348632
250.000000	75.000000	25.324247	21.754852	0.0983785	0.446249
252.000000	75.000000	25.083769	21.974773	0.0851809	0.391796
254.000000	75.000000	24.882366	22.215048	0.0986759	0.4582
256.000000	75.000000	24.74877	22.402275	0.0941847	0.441674
258.000000	75.000000	24.523222	22.311956	0.0727429	0.345899
260.000000	75.000000	24.240591	22.530813	0.090048	0.434271
262.000000	75.000000	24.037468	22.620459	0.0692372	0.32948
264.000000	75.000000	23.735468	22.632889	0.0809926	0.391088
266.000000	75.000000	23.533613	22.664885	0.0759089	0.371139
268.000000	75.000000	23.22941	22.552372	0.0801589	0.397949
270.000000	75.000000	22.919868	22.56008	0.0749338	0.379087
272.000000	75.000000	22.695631	22.233118	0.0624154	0.320507
274.000000	75.000000	22.408829	22.049652	0.0728047	0.387586
276.000000	75.000000	22.105391	21.764374	0.0722983	0.392238
278.000000	75.000000	21.845444	21.24119	0.0675474	0.373907
280.000000	75.000000	21.606895	20.968874	0.077801	0.435712
282.000000	75.000000	21.339241	20.487432	0.0731313	0.416559
284.000000	75.000000	21.131554	20.030296	0.0758051	0.392816
286.000000	75.000000	20.882074	19.3641	0.0678309	0.356692
288.000000	75.000000	20.696789	18.679848	0.0828222	0.442872
290.000000	75.000000	20.532738	17.767197	0.0619756	0.335973
292.000000	75.000000	20.405449	17.21912	0.0792912	0.434576
294.000000	75.000000	20.28367	16.698034	0.0762194	0.420876
296.000000	75.000000	20.188171	15.892148	0.0830966	0.46444
298.000000	75.000000	20.11585	15.151885	0.0739832	0.417412
300.000000	75.000000	20.033644	14.956136	0.0763804	0.433516
302.000000	75.000000	19.933849	14.209702	0.0820673	0.471252
304.000000	75.000000	19.808132	13.50561	0.0670819	0.391527
306.000000	75.000000	19.781385	13.246315	0.0851865	0.502969
308.000000	75.000000	19.632393	12.277932	0.101336	0.604744
310.000000	75.000000	19.62937	12.112171	0.087391	0.521882
312.000000	75.000000	19.446413	11.803184	0.110144	0.664503
314.000000	75.000000	19.411129	11.022141	0.121807	0.744055
316.000000	75.000000	19.34926	10.96092	0.138726	0.831964
318.000000	75.000000	19.237717	10.192169	0.139426	0.844547
320.000000	75.000000	19.226843	9.0255861	0.0967207	0.594025
322.000000	75.000000	19.204	8.0876627	0.1152	0.71186
324.000000	75.000000	19.08448	6.6467261	0.110346	0.691384
326.000000	75.000000	18.986536	6.6954565	0.098049	0.550306
328.000000	75.000000	18.967739	6.1063328	0.110846	0.626712
330.000000	75.000000	18.904409	4.7465067	0.12679	0.727003
332.000000	75.000000	18.916767	4.367826	0.126147	0.725599
334.000000	75.000000	18.848782	4.3569369	0.106392	0.617461
336.000000	75.000000	18.922871	2.5364194	0.0880756	0.512765
338.000000	75.000000	18.791084	2.4251747	0.0592103	0.348883
340.000000	75.000000	18.880966	0.84212226	0.0982632	0.58022
342.000000	75.000000	18.818083	0.42250314	0.0869911	0.518408
344.000000	75.000000	18.870937	-0.3851817	0.099946	0.596148
346.000000	75.000000	18.85667	-1.2642174	0.0988948	0.594854
348.000000	75.000000	18.898252	-2.0299635	0.0756645	0.456909
350.000000	75.000000	18.882832	-2.9413137	0.113371	0.684588
352.000000	75.000000	19.012632	-4.7959738	0.0980027	0.591044
354.000000	75.000000	19.072412	-5.2045255	0.0718281	0.433852
356.000000	75.000000	19.177759	-6.6468158	0.0828021	0.499972
358.000000	75.000000	19.26185	-7.8012013	0.0848325	0.510988
360.000000	75.000000	19.480932	-8.9497681	0.0745362	0.447097
362.000000	75.000000	19.670757	-9.6023722	0.0591982	0.352851
364.000000	75.000000	19.983553	-11.461857	0.0875302	0.514316
366.000000	75.000000	20.318293	-12.147612	0.0762606	0.398977
368.000000	75.000000	20.725883	-12.95659	0.0841603	0.433696
370.000000	75.000000	21.051989	-13.470464	0.096398	0.492685
372.000000	75.000000	21.458252	-13.895337	0.0811452	0.409527
374.000000	75.000000	21.929501	-13.890984	0.088313	0.441408
376.000000	75.000000	22.325697	-14.009935	0.0625698	0.309036
378.000000	75.000000	22.669003	-14.04144	0.0756369	0.370209
380.000000	75.000000	22.995428	-14.313481	0.0662812	0.322826
382.000000	75.000000	23.219526	-14.31748	0.0576146	0.279008
384.000000	75.000000	23.512131	-14.250442	0.0616561	0.296992
386.000000	75.000000	23.799606	-14.143585	0.0460797	0.221581
388.000000	75.000000	24.045427	-14.287298	0.0614974	0.294669
390.000000	75.000000	24.270922	-14.128549	0.0608029	0.292834
392.000000	75.000000	24.501072	-14.083473	0.0543176	0.263465
394.000000	75.000000	24.743189	-14.113962	0.0595446	0.286289
396.000000	75.000000	24.975899	-14.015766	0.0607948	0.292311
398.000000	75.000000	25.22592	-14.044342	0.0614856	0.291571
400.000000	75.000000	25.400448	-13.995366	0.0717995	0.340949
402.000000	75.000000	25.618219	-13.841416	0.0738991	0.350166
404.000000	75.000000	25.833033	-14.034099	0.066709	0.314585
406.000000	75.000000	26.055225	-13.975099	0.0613534	0.293518
408.000000	75.000000	26.242739	-13.914279	0.0701806	0.34236
410.000000	75.000000	26.417423	-13.716292	0.0561076	0.246163
412.000000	75.000000	26.639011	-13.845647	0.0675752	0.298786
414.000000	75.000000	26.822393	-13.569503	0.0684369	0.302962
416.000000	75.000000	27.078794	-13.645149	0.0659107	0.281152
418.000000	75.000000	27.27033	-13.432858	0.074414	0.315759
420.000000	75.000000	27.464773	-13.406399	0.0748722	0.317197
422.000000	75.000000	27.684168	-13.390968	0.0663087	0.28083
424.000000	75.000000	27.875469	-13.296201	0.0763042	0.322459
426.000000	75.000000	28.041857	-13.187722	0.0644783	0.272379
428.000000	75.000000	28.25001	-13.186976	0.0718545	0.303021
430.000000	75.000000	28.471476	-12.862297	0.0668507	0.282261
432.000000	75.000000	28.687021	-12.788608	0.0694654	0.293763
434.000000	75.000000	28.860432	-12.731181	0.0784715	0.332015
436.000000	75.000000	29.034401	-12.65496	0.0586583	0.247918
438.000000	75.000000	29.20986	-12.46959	0.0630882	0.267264
440.000000	75.000000	29.419352	-12.311233	0.0810684	0.343607
442.000000	75.000000	29.564848	-12.026856	0.071009	0.301377
444.000000	75.000000	29.76969	-12.011516	0.0706126	0.299486
446.000000	75.000000	29.932718	-11.776139	0.0644173	0.273832
448.000000	75.000000	30.157696	-11.611391	0.0569422	0.241925
450.000000	75.000000	30.326635	-11.557758	0.0726355	0.308639
452.000000	75.000000	30.491907	-11.308214	0.0612998	0.260864
454.000000	75.000000	30.661036	-11.182487	0.0678871	0.289875
456.000000	75.000000	30.815411	-10.99963	0.0648567	0.251829
458.000000	75.000000	31.016954	-10.672277	0.0780106	0.302918
460.000000	75.000000	31.142298	-10.514066	0.0733344	0.285519
462.000000	75.000000	31.339645	-10.300211	0.0743344	0.289076
464.000000	75.000000	31.525463	-10.12445	0.0686461	0.267261
466.000000	75.000000	31.680428	-9.9590025	0.0662676	0.258462
468.000000	75.000000	31.826536	-9.7090588	0.0662673	0.259225
470.000000	75.000000	32.010529	-9.4830971	0.0724232	0.283313
472.000000	75.000000	32.148136	-9.1965857	0.0654162	0.25633
474.000000	75.000000	32.316219	-8.9963245	0.0686058	0.269131
476.000000	75.000000	32.448128	-8.7789469	0.0709183	0.278682
478.000000	75.000000	32.617867	-8.5715427	0.0654893	0.257213
480.000000	75.000000	32.778561	-8.2717381	0.0681842	0.26892
482.000000	75.000000	32.95129	-7.9886436	0.0732116	0.289713
484.000000	75.000000	33.082314	-7.8763342	0.0636466	0.252081
486.000000	75.000000	33.200493	-7.6197915	0.0632987	0.250672
488.000000	75.000000	33.375683	-7.3537545	0.0634885	0.251472
490.000000	75.000000	33.529171	-7.0039434	0.0543156	0.215802
492.000000	75.000000	33.650028	-6.7632942	0.0600044	0.239165
494.000000	75.000000	33.78516	-6.4372087	0.0661941	0.264583
496.000000	75.000000	33.928719	-6.2351103	0.0624397	0.24951
498.000000	75.000000	34.08036	-5.9694824	0.0630012	0.252335
500.000000	75.000000	34.212078	-5.7029219	0.0659366	0.264323
502.000000	75.000000	34.32193	-5.3305707	0.0648703	0.260828
504.000000	75.000000	34.454784	-5.1195855	0.0646404	0.260845
506.000000	75.000000	34.578571	-4.7413316	0.0638064	0.257279
508.000000	75.000000	34.712276	-4.5210977	0.0647765	0.262548
510.000000	75.000000	34.837322	-4.2776976	0.0751081	0.277882
512.000000	75.000000	34.93187	-3.8575938	0.0688993	0.255832
514.000000	75.000000	35.024155	-3.4608171	0.0655126	0.243716
516.000000	75.000000	35.186447	-3.1982908	0.0676596	0.252213
518.000000	75.000000	35.26899	-3.020896	0.0659237	0.246224
520.000000	75.000000	35.375381	-2.6628649	0.0724167	0.271102
522.000000	75.000000	35.471195	-2.4183462	0.0671748	0.252154
524.000000	75.000000	35.60144	-1.9836112	0.0694395	0.261259
526.000000	75.000000	35.683044	-1.6647594	0.067946	0.256009
528.000000	75.000000	35.813725	-1.3767928	0.0652438	0.246677
530.000000	75.000000	35.880424	-1.0093485	0.0654184	0.247901
532.000000	75.000000	35.988861	-0.8204425	0.0740854	0.281311
534.000000	75.000000	36.080742	-0.52489495	0.0747866	0.283991
536.000000	75.000000	36.181793	-0.15411225	0.0692583	0.263933
538.000000	75.000000	36.243923	0.19580868	0.0697579	0.266167
540.000000	75.000000	36.345715	0.44972712	0.0765274	0.293032
542.000000	75.000000	36.411968	0.87996984	0.0586309	0.225251
544.000000	75.000000	36.479198	1.0713936	0.0656458	0.252712
546.000000	75.000000	36.568039	1.4636337	0.062318	0.240101
548.000000	75.000000	36.619053	1.8599091	0.0687126	0.265133
550.000000	75.000000	36.699902	2.1705582	0.058258	0.225804
552.000000	75.000000	36.778042	2.4916303	0.0657119	0.255106
554.000000	75.000000	36.801407	2.7942677	0.070255	0.273229
556.000000	75.000000	36.883678	3.2040334	0.0684934	0.267406
558.000000	75.000000	36.956734	3.519067	0.0610682	0.23897
560.000000	75.000000	36.976398	3.9260674	0.0682907	0.26767
562.000000	75.000000	37.054424	4.1270089	0.0764458	0.275235
564.000000	75.000000	37.107174	4.4207826	0.059933	0.216498
566.000000	75.000000	37.191498	4.6994591	0.0702025	0.253652
568.000000	75.000000	37.196217	5.2382569	0.0689377	0.249604
570.000000	75.000000	37.257862	5.4803929	0.0688708	0.250141
572.000000	75.000000	37.283028	5.814239	0.0618978	0.22505
574.000000	75.000000	37.31871	6.1809645	0.0636584	0.23238
576.000000	75.000000	37.380989	6.4177899	0.0618053	0.226322
578.000000	75.000000	37.42675	6.7881656	0.0614671	0.225574
580.000000	75.000000	37.436401	7.2392144	0.0708075	0.260327
582.000000	75.000000	37.486156	7.4183726	0.0748165	0.275483
584.000000	75.000000	37.488647	7.8207707	0.0612472	0.22592
586.000000	75.000000	37.523159	8.0663977	0.0616573	0.228427
588.000000	75.000000	37.555	8.505825	0.0794537	0.29403
590.000000	75.000000	37.596493	8.8605528	0.0747178	0.277563
592.000000	75.000000	37.606873	9.2291813	0.072182	0.268352
594.000000	75.000000	37.628139	9.4153414	0.0605089	0.225291
596.000000	75.000000	37.631905	9.7144051	0.0750894	0.280205
598.000000	75.000000	37.654198	10.156787	0.0709746	0.265682
600.000000	75.000000	37.647415	10.559888	0.0669125	0.251006
602.000000	75.000000	37.66539	10.593893	0.0671563	0.252224
604.000000	75.000000	37.702919	10.890311	0.0772731	0.291052
606.000000	75.000000	37.706432	11.095939	0.071841	0.271333
608.000000	75.000000	37.707302	11.409083	0.0799389	0.30263
610.000000	75.000000	37.672802	11.801735	0.0823428	0.312213
612.000000	75.000000	37.702106	12.250731	0.074428	0.28281
614.000000	75.000000	37.687523	12.51129	0.069554	0.264949
616.000000	75.000000	37.656506	12.847935	0.0694538	0.264884
618.000000	75.000000	37.691578	13.069222	0.0862485	0.304194
620.000000	75.000000	37.674374	13.453065	0.0775811	0.274145
622.000000	75.000000	37.67593	13.758994	0.070091	0.247278
624.000000	75.000000	37.654015	13.968228	0.075652	0.268278
626.000000	75.000000	37.662594	14.349416	0.0716763	0.2544
628.000000	75.000000	37.652645	14.42208	0.0800428	0.285402
630.000000	75.000000	37.639999	14.999205	0.0798824	0.284446
632.000000	75.000000	37.665936	15.189598	0.0715672	0.255298
634.000000	75.000000	37.629143	15.469644	0.0713908	0.255474
636.000000	75.000000	37.609459	15.825237	0.0788857	0.282462
638.000000	75.000000	37.636066	15.938728	0.080646	0.289109
640.000000	75.000000	37.566605	16.430784	0.0605781	0.221844
642.000000	75.000000	37.500099	16.550577	0.0878893	0.316687
644.000000	75.000000	37.50872	16.799358	0.110182	0.398434
646.000000	75.000000	37.478706	17.056116	0.0716621	0.259519
648.000000	75.000000	37.441097	17.354311	0.0738948	0.268262
650.000000	75.000000	37.390587	17.817604	0.0750437	0.272511
652.000000	75.000000	37.352276	18.041328	0.0925994	0.343543
654.000000	75.000000	37.395004	18.042841	0.0838995	0.31908
656.000000	75.000000	37.375038	18.534046	0.0781285	0.285577
658.000000	75.000000	37.344883	18.6891	0.0761782	0.278818
660.000000	75.000000	37.308399	19.052641	0.0632503	0.231889
662.000000	75.000000	37.288422	19.252144	0.0728538	0.267508
664.000000	75.000000	37.261059	19.508533	0.0736903	0.27109
666.000000	75.000000	37.248455	19.751188	0.0776833	0.286571
668.000000	75.000000	37.188316	19.89352	0.0728179	0.269646
670.000000	75.000000	37.179752	20.239546	0.0634095	0.23483
672.000000	75.000000	37.134357	20.474848	0.069004	0.256496
674.000000	75.000000	37.102417	20.693594	0.0680994	0.253458
676.000000	75.000000	37.058292	20.926249	0.0628085	0.217996
678.000000	75.000000	37.004253	21.119028	0.0788109	0.273923
680.000000	75.000000	36.977089	21.458324	0.0682788	0.237607
682.000000	75.000000	36.941154	21.676064	0.0618367	0.215537
684.000000	75.000000	36.896347	21.917425	0.0654992	0.228812
686.000000	75.000000	36.854473	22.093397	0.0534677	0.187191
688.000000	75.000000	36.823273	22.321842	0.0665786	0.233392
690.000000	75.000000	36.782227	22.43141	0.064466	0.226759
692.000000	75.000000	36.733452	22.758926	0.0715936	0.251716
694.000000	75.000000	36.669907	22.896818	0.0656743	0.231664
696.000000	75.000000	36.675442	23.222183	0.0615038	0.217215
698.000000	75.000000	36.61097	23.402203	0.0620677	0.219434
700.000000	75.000000	36.553196	23.701662	0.0698247	0.247025
702.000000	75.000000	36.529961	23.850777	0.0577431	0.205045
704.000000	75.000000	36.51482	23.990623	0.0554122	0.196986
706.000000	75.000000	36.456795	24.318735	0.0548678	0.194902
708.000000	75.000000	36.412655	24.47743	0.060799	0.216592
710.000000	75.000000	36.379902	24.650112	0.0556495	0.198694
712.000000	75.000000	36.304676	24.842096	0.0725779	0.259885
714.000000	75.000000	36.261665	25.049505	0.0703505	0.252174
716.000000	75.000000	36.228188	25.263288	0.0686736	0.246454
718.000000	75.000000	36.168579	25.529419	0.0626669	0.225196
720.000000	75.000000	36.131687	25.717962	0.0597458	0.214851
722.000000	75.000000	36.083916	25.844261	0.0558598	0.201299
724.000000	75.000000	36.055542	26.097462	0.0559578	0.201556
726.000000	75.000000	35.995434	26.21287	0.0512146	0.185194
728.000000	75.000000	35.948013	26.39057	0.049338	0.178865
730.000000	75.000000	35.902924	26.649223	0.0598416	0.21716
732.000000	75.000000	35.837105	26.902746	0.0543096	0.197257
734.000000	75.000000	35.780933	26.846334	0.0590477	0.215827
736.000000	75.000000	35.763195	27.160931	0.0424439	0.15477
738.000000	75.000000	35.697849	27.327953	0.0557051	0.203597
740.000000	75.000000	35.65802	27.550531	0.0556563	0.203674
742.000000	75.000000	35.577805	27.672091	0.0571035	0.196166
744.000000	75.000000	35.549309	27.742926	0.0598583	0.206106
746.000000	75.000000	35.510754	28.074167	0.0613767	0.211418
748.000000	75.000000	35.45335	28.188667	0.0528957	0.18242
750.000000	75.000000	35.395634	28.468815	0.0545431	0.188233
752.000000	75.000000	35.354973	28.510723	0.0615339	0.213107
754.000000	75.000000	35.303978	28.763643	0.0644768	0.223167
756.000000	75.000000	35.282379	28.774593	0.0579779	0.201624
758.000000	75.000000	35.193848	29.022318	0.0659689	0.229594
760.000000	75.000000	35.163666	29.156704	0.069586	0.242413
762.000000	75.000000	35.115826	29.331028	0.0591392	0.20655
764.000000	75.000000	35.050278	29.461426	0.0467175	0.164363
766.000000	75.000000	35.025131	29.602747	0.0561425	0.196937
768.000000	75.000000	34.952702	29.75316	0.0558876	0.195864
770.000000	75.000000	34.872032	30.032663	0.0626211	0.223814
772.000000	75.000000	34.837345	30.002285	0.060806	0.214115
774.000000	75.000000	34.778858	30.324074	0.0550559	0.193688
776.000000	75.000000	34.740845	30.363518	0.0567488	0.200222
778.000000	75.000000	34.703983	30.56072	0.0579091	0.20482
780.000000	75.000000	34.644577	30.723221	0.0616514	0.218036
782.000000	75.000000	34.561184	30.790491	0.0477759	0.169183
784.000000	75.000000	34.515511	31.021149	0.0598142	0.214195
786.000000	75.000000	34.492359	31.113216	0.0562953	0.200086
788.000000	75.000000	34.419315	31.197947	0.0549496	0.19623
790.000000	75.000000	34.399761	31.363325	0.0647845	0.240573
792.000000	75.000000	34.339252	31.699354	0.0622792	0.222539
794.000000	75.000000	34.275867	31.710899	0.0573699	0.204948
796.000000	75.000000	34.251869	31.748508	0.0668605	0.240245
798.000000	75.000000	34.201855	31.92544	0.0609132	0.219018
800.000000	75.000000	34.178005	32.095646	0.0552321	0.198691
802.000000	75.000000	34.113564	32.169064	0.0575772	0.207701
804.000000	75.000000	34.048	32.385597	0.0710993	0.244251
806.000000	75.000000	34.009319	32.496529	0.0624385	0.214845
808.000000	75.000000	33.950928	32.604137	0.0615699	0.212401
810.000000	75.000000	33.887249	32.695744	0.0577026	0.197963
812.000000	75.000000	33.843414	32.879517	0.0579755	0.198413
814.000000	75.000000	33.809982	33.021595	0.0694842	0.238472
816.000000	75.000000	33.782787	33.103264	0.0650659	0.233333
818.000000	75.000000	33.758747	33.174313	0.0570673	0.197105
820.000000	75.000000	33.699871	33.361259	0.0561036	0.194998
822.000000	75.000000	33.600925	33.513355	0.0592715	0.209006
824.000000	75.000000	33.560268	33.606544	0.0576695	0.203974
826.000000	75.000000	33.535973	33.733345	0.0640666	0.225891
828.000000	75.000000	33.475536	33.82822	0.0610026	0.215765
830.000000	75.000000	33.464523	33.970478	0.0628941	0.220974
832.000000	75.000000	33.410473	34.110054	0.0659626	0.231748
834.000000	75.000000	33.340385	34.184734	0.0562293	0.199064
836.000000	75.000000	33.312031	34.330444	0.0592882	0.209182
838.000000	75.000000	33.296917	34.452404	0.0638159	0.223746
840.000000	75.000000	33.224098	34.561794	0.0550206	0.194146
842.000000	75.000000	33.158447	34.631268	0.0505548	0.178289
844.000000	75.000000	33.143654	34.756458	0.0733549	0.258405
846.000000	75.000000	33.076927	34.911667	0.0718206	0.256531
848.000000	75.000000	32.969486	34.956734	0.0525609	0.186771
850.000000	75.000000	32.908199	35.210926	0.0685376	0.247968
852.000000	75.000000	32.914692	35.208241	0.052116	0.188974
854.000000	75.000000	32.836311	35.370659	0.0858752	0.311866
856.000000	75.000000	32.797138	35.332573	0.0641572	0.229823
858.000000	75.000000	32.767464	35.578533	0.0811296	0.288397
860.000000	75.000000	32.754898	35.680977	0.0714523	0.257862
862.000000	75.000000	32.672695	35.691376	0.0566229	0.204116
864.000000	75.000000	32.66663	35.86858	0.0546427	0.195478
866.000000	75.000000	32.601597	36.052998	0.0696206	0.259805
868.000000	75.000000	32.584358	36.091934	0.0579989	0.208361
870.000000	75.000000	32.532509	36.15271	0.0575419	0.197089
872.000000	75.000000	32.499554	36.340706	0.04921	0.1688
874.000000	75.000000	32.445377	36.340981	0.0600851	0.207128
876.000000	75.000000	32.37685	36.51886	0.0570449	0.197157
878.000000	75.000000	32.32431	36.607674	0.0582193	0.202745
880.000000	75.000000	32.269772	36.695019	0.0572433	0.201294
882.000000	75.000000	32.22028	36.791824	0.0529091	0.186907
884.000000	75.000000	32.187191	36.85619	0.0557191	0.196817
886.000000	75.000000	32.157082	36.94965	0.0571868	0.201488
888.000000	75.000000	32.107388	37.109039	0.0526704	0.185055
890.000000	75.000000	32.081711	37.194977	0.0527647	0.185184
892.000000	75.000000	32.028229	37.312176	0.0650971	0.228783
894.000000	75.000000	31.956612	37.351616	0.0567101	0.201187
896.000000	75.000000	31.921642	37.468815	0.0522985	0.185994
898.000000	75.000000	31.89596	37.575871	0.058224	0.206128
900.000000	75.000000	31.851799	37.617317	0.059238	0.209609