Angstroms, e1, e2, n, k, Absorption 
2500, -1.064778e+01, 1.218664e+01, 1.663613e+00, 3.662702e+00, 9.889766e-02 
2600, -1.362911e+01, 1.433685e+01, 1.753873e+00, 4.087198e+00, 1.111247e-01 
2700, -1.770278e+01, 1.958295e+01, 2.085152e+00, 4.695810e+00, 1.435364e-01 
2800, -1.932046e+01, 3.133492e+01, 2.957364e+00, 5.297779e+00, 2.126421e-01 
2900, -8.967725e+00, 4.649933e+01, 4.381122e+00, 5.306784e+00, 2.900332e-01 
3000, 8.107720e+00, 4.313567e+01, 5.098957e+00, 4.229852e+00, 2.644720e-01 
3100, 1.307737e+01, 3.706456e+01, 5.117680e+00, 3.621227e+00, 2.254094e-01 
3200, 1.543601e+01, 3.404488e+01, 5.138911e+00, 3.312461e+00, 2.033021e-01 
3300, 1.743629e+01, 3.243764e+01, 5.208802e+00, 3.113733e+00, 1.894059e-01 
3400, 1.940516e+01, 3.178707e+01, 5.321997e+00, 2.986385e+00, 1.810433e-01 
3500, 2.184881e+01, 3.249234e+01, 5.522858e+00, 2.941624e+00, 1.798946e-01 
3600, 2.789907e+01, 3.594795e+01, 6.058179e+00, 2.966894e+00, 1.921020e-01 
3700, 4.401570e+01, 2.921289e+01, 6.958573e+00, 2.099057e+00, 1.552103e-01 
3800, 4.341241e+01, 1.220810e+01, 6.652394e+00, 9.175721e-01, 6.632930e-02 
3900, 3.653044e+01, 5.386139e+00, 6.060355e+00, 4.443748e-01, 2.907240e-02 
4000, 3.163453e+01, 3.219328e+00, 5.631716e+00, 2.858213e-01, 1.704653e-02 
4100, 2.854048e+01, 2.273173e+00, 5.346557e+00, 2.125829e-01, 1.177438e-02 
4200, 2.633410e+01, 1.649457e+00, 5.134190e+00, 1.606346e-01, 8.354682e-03 
4300, 2.461256e+01, 1.211061e+00, 4.962605e+00, 1.220187e-01, 5.998610e-03 
4400, 2.321528e+01, 9.052393e-01, 4.819139e+00, 9.392126e-02, 4.385463e-03 
4500, 2.205906e+01, 6.944091e-01, 4.697289e+00, 7.391593e-02, 3.291137e-03 
4600, 2.108956e+01, 5.501233e-01, 4.592727e+00, 5.989070e-02, 2.551563e-03 
4700, 2.026895e+01, 4.518063e-01, 4.502385e+00, 5.017411e-02, 2.051480e-03 
4800, 1.956915e+01, 3.846370e-01, 4.423917e+00, 4.347245e-02, 1.710397e-03 
4900, 1.896696e+01, 3.377630e-01, 4.355280e+00, 3.877626e-02, 1.471482e-03 
5000, 1.844515e+01, 3.038640e-01, 4.294927e+00, 3.537475e-02, 1.297437e-03 
5100, 1.798948e+01, 2.778966e-01, 4.241527e+00, 3.275903e-02, 1.163373e-03 
5200, 1.758804e+01, 2.566050e-01, 4.193921e+00, 3.059250e-02, 1.053639e-03 
5300, 1.723109e+01, 2.380713e-01, 4.151134e+00, 2.867545e-02, 9.591390e-04 
5400, 1.691188e+01, 2.213300e-01, 4.112494e+00, 2.690946e-02, 8.752160e-04 
5500, 1.662393e+01, 2.058908e-01, 4.077324e+00, 2.524827e-02, 7.993911e-04 
5600, 1.636295e+01, 1.915578e-01, 4.045183e+00, 2.367727e-02, 7.304859e-04 
5700, 1.612517e+01, 1.782229e-01, 4.015677e+00, 2.219089e-02, 6.677323e-04 
5800, 1.590747e+01, 1.658028e-01, 3.988471e+00, 2.078526e-02, 6.105062e-04 
5900, 1.570745e+01, 1.542325e-01, 3.963310e+00, 1.945753e-02, 5.582919e-04 
6000, 1.552303e+01, 1.434494e-01, 3.939969e+00, 1.820438e-02, 5.106172e-04 
6100, 1.535233e+01, 1.333897e-01, 3.918242e+00, 1.702163e-02, 4.670356e-04 
6200, 1.519384e+01, 1.239980e-01, 3.897960e+00, 1.590550e-02, 4.271585e-04 
6300, 1.504656e+01, 1.152418e-01, 3.879017e+00, 1.485451e-02, 3.907000e-04 
6400, 1.490915e+01, 1.070632e-01, 3.861261e+00, 1.386377e-02, 3.573071e-04 
6500, 1.478067e+01, 9.942303e-02, 3.844585e+00, 1.293027e-02, 3.267093e-04 
6600, 1.466029e+01, 9.228352e-02, 3.828895e+00, 1.205093e-02, 2.986580e-04 
6700, 1.454734e+01, 8.561307e-02, 3.814114e+00, 1.122319e-02, 2.729385e-04 
6800, 1.444124e+01, 7.938447e-02, 3.800177e+00, 1.044484e-02, 2.493626e-04 
6900, 1.434125e+01, 7.355778e-02, 3.786997e+00, 9.711889e-03, 2.277135e-04 
7000, 1.424692e+01, 6.810942e-02, 3.774520e+00, 9.022263e-03, 2.078370e-04 
7100, 1.415790e+01, 6.302134e-02, 3.762708e+00, 8.374465e-03, 1.896037e-04 
7200, 1.407364e+01, 5.826088e-02, 3.751493e+00, 7.765025e-03, 1.728486e-04 
7300, 1.399383e+01, 5.381105e-02, 3.740840e+00, 7.192376e-03, 1.574611e-04 
7400, 1.391822e+01, 4.965695e-02, 3.730720e+00, 6.655144e-03, 1.433428e-04 
7500, 1.384639e+01, 4.577128e-02, 3.721079e+00, 6.150270e-03, 1.303654e-04 
7600, 1.377809e+01, 4.213929e-02, 3.711889e+00, 5.676259e-03, 1.184423e-04 
7700, 1.371309e+01, 3.874677e-02, 3.703123e+00, 5.231634e-03, 1.074930e-04 
7800, 1.365122e+01, 3.558126e-02, 3.694759e+00, 4.815099e-03, 9.744607e-05 
7900, 1.359223e+01, 3.262747e-02, 3.686767e+00, 4.424943e-03, 8.822586e-05 
8000, 1.353593e+01, 2.987088e-02, 3.679123e+00, 4.059511e-03, 7.976264e-05 
8100, 1.348220e+01, 2.730358e-02, 3.671813e+00, 3.717998e-03, 7.200751e-05 
8200, 1.343084e+01, 2.491193e-02, 3.664813e+00, 3.398799e-03, 6.489902e-05 
8300, 1.338170e+01, 2.268463e-02, 3.658102e+00, 3.100601e-03, 5.838479e-05 
8400, 1.333464e+01, 2.061090e-02, 3.651664e+00, 2.822124e-03, 5.241614e-05 
8500, 1.328951e+01, 1.868045e-02, 3.645480e+00, 2.562138e-03, 4.694798e-05 
8600, 1.324631e+01, 1.689203e-02, 3.639549e+00, 2.320621e-03, 4.195976e-05 
8700, 1.320487e+01, 1.523462e-02, 3.633851e+00, 2.096208e-03, 3.740786e-05 
8800, 1.316501e+01, 1.369364e-02, 3.628362e+00, 1.887028e-03, 3.324206e-05 
8900, 1.312682e+01, 1.227505e-02, 3.623096e+00, 1.694000e-03, 2.946359e-05 
9000, 1.309006e+01, 1.096130e-02, 3.618019e+00, 1.514822e-03, 2.601794e-05 
9100, 1.305472e+01, 9.751971e-03, 3.613132e+00, 1.349518e-03, 2.289311e-05 
9200, 1.302071e+01, 8.638751e-03, 3.608423e+00, 1.197026e-03, 2.005938e-05 
9300, 1.298800e+01, 7.618935e-03, 3.603887e+00, 1.057044e-03, 1.750114e-05 
9400, 1.295642e+01, 6.681643e-03, 3.599504e+00, 9.281339e-04, 1.518486e-05 
9500, 1.292610e+01, 5.832828e-03, 3.595288e+00, 8.111766e-04, 1.311630e-05 
9600, 1.289678e+01, 5.055629e-03, 3.591209e+00, 7.038896e-04, 1.125020e-05 
9700, 1.286852e+01, 4.353818e-03, 3.587272e+00, 6.068424e-04, 9.588600e-06 
9800, 1.284130e+01, 3.723428e-03, 3.583476e+00, 5.195274e-04, 8.116596e-06 
9900, 1.281498e+01, 3.155052e-03, 3.579801e+00, 4.406742e-04, 6.808143e-06 
10000, 1.278952e+01, 2.646028e-03, 3.576244e+00, 3.699451e-04, 5.652649e-06 
